# Created by Octave 3.0.0, Fri Aug 15 00:29:30 2008 PDT <michael@michael-laptop>
# name: my_data
# type: matrix
# rows: 1391
# columns: 10
 -3.687988 1.685938 -14.014355 0.421626 3.063815 0 0 0 0 0
 -3.161133 0.94834 -13.171387 0.16865 2.670298 0 0 0 0 1.0802
 -3.266504 1.053711 -11.380078 0.084325 2.417322 0 0 0 0 1.2275
 -4.530957 0.316113 -10.853223 0.16865 2.473539 0 0 0 0 1.5221
 -5.584668 0.316113 -10.64248 0.140542 2.557864 0 0 0 0 1.473
 -6.111523 0.737598 -10.431738 0.140542 2.670298 0 0 0 0 1.2275
 -6.638379 0.842969 -10.853223 0.196759 2.726515 0 0 0 0 0.8347
 -6.849121 1.159082 -10.958594 0.421626 2.895165 0 0 0 0 0.5401
 -7.059863 1.369824 -10.958594 0.281084 2.895165 0 0 0 0 0.2946
 -7.059863 1.475195 -10.747852 0.337301 2.97949 0 0 0 0 0.1473
 -6.954492 1.264453 -11.063965 0.337301 3.007599 0 0 0 0 0.0491
 -6.638379 1.580566 -11.169336 0.337301 2.951382 0 0 0 0 0
 -6.74375 1.475195 -10.958594 0.337301 3.007599 0 0 0 0 0
 -6.322266 1.369824 -10.747852 0.309192 2.838948 0 0 0 0 0.0491
 -6.427637 1.369824 -10.853223 0.309192 2.838948 0 0 0 0 0.0491
 -6.216895 1.369824 -11.169336 0.252976 2.867057 0 0 0 0 0.1473
 -5.900781 1.264453 -10.958594 0.224867 2.782731 0 0 0 0 0.2455
 -5.900781 1.369824 -11.274707 0.224867 2.81084 0 0 0 0 0.2455
 -6.216895 1.264453 -11.063965 0.309192 2.782731 0 0 0 0 0.2946
 -6.216895 1.369824 -11.274707 0.196759 2.951382 0 0 0 0 0.3437
 -5.584668 1.369824 -11.380078 0.196759 2.838948 0 0 0 0 0.3928
 -5.268555 1.580566 -11.485449 0.140542 2.81084 0 0 0 0 0.4419
 -5.268555 1.791309 -11.59082 0.112434 2.754623 0 0 0 0 0.5401
 -5.163184 1.580566 -11.801563 0.16865 2.754623 0 0 0 0 0.5891999999999999
 -4.741699 1.791309 -11.485449 0.16865 2.642189 0 0 0 0 0.6874
 -3.793359 1.475195 -12.012305 0.196759 2.614081 0 0 0 0 0.8347
 -3.793359 1.053711 -11.801563 0.140542 2.614081 0 0 0 0 0.8838
 -3.89873 1.159082 -11.59082 0.084325 2.529756 0 0 0 0 1.0802
 -3.582617 1.369824 -12.012305 0.112434 2.585973 0 0 0 0 1.1784
 -3.793359 1.264453 -11.59082 0.112434 2.557864 0 0 0 0 1.2275
 -3.477246 1.053711 -11.801563 0.112434 2.529756 0 0 0 0 1.3257
 -3.793359 1.053711 -11.380078 0.028108 2.529756 0 0 0 0 1.3257
 -3.582617 1.264453 -11.59082 0.056217 2.557864 0 0 0 0 1.3748
 -4.109473 1.475195 -11.59082 0 2.501647 0 0 0 0 1.3748
 -3.266504 1.369824 -12.117676 0.028108 2.557864 0 0 0 0 1.3748
 -3.582617 1.580566 -11.59082 -0.056217 2.585973 0 0 0 0 1.3748
 -3.266504 1.580566 -11.906934 -0.056217 2.642189 0 0 0 0 1.4239
 -3.371875 1.685938 -11.59082 -0.112434 2.642189 0 0 0 0 1.4239
 -3.477246 2.002051 -11.801563 -0.056217 2.670298 0 0 0 0 1.4239
 -3.687988 2.528906 -11.485449 0 2.698406 0 0 0 0 1.3748
 -3.793359 2.212793 -12.117676 0.056217 2.698406 0 0 0 0 1.4239
 -3.266504 2.739648 -11.696191 0.056217 2.754623 0 0 0 0 1.3748
 -3.687988 2.528906 -11.485449 0.196759 2.726515 0 0 0 0 1.3748
 -3.687988 2.950391 -12.433789 0.309192 2.782731 0 0 0 0 1.4239
 -3.371875 2.528906 -12.328418 0.337301 2.726515 0 0 0 0 1.3748
 -3.477246 2.634277 -11.696191 0.393518 2.698406 0 0 0 0 1.473
 -3.793359 2.423535 -12.117676 0.365409 2.698406 0 0 0 0 1.4239
 -3.582617 2.318164 -11.906934 0.393518 2.670298 0 0 0 0 1.5221
 -3.161133 1.685938 -11.801563 0.393518 2.585973 0 0 0 0 1.5221
 -3.477246 1.685938 -11.801563 0.365409 2.642189 0 0 0 0 1.5221
 -3.477246 1.685938 -12.855273 0.337301 2.585973 0 0 0 0 1.5221
 -3.477246 1.264453 -11.801563 0.252976 2.529756 0 0 0 0 1.5712
 -3.371875 0.94834 -12.117676 0.224867 2.417322 0 0 0 0 1.5221
 -3.371875 0.842969 -11.906934 0.196759 2.417322 0 0 0 0 1.5712
 -3.371875 0.632227 -11.801563 0.112434 2.417322 0 0 0 0 1.5221
 -3.371875 0.421484 -11.906934 0.056217 2.473539 0 0 0 0 1.5221
 -3.266504 0.421484 -11.696191 0.056217 2.473539 0 0 0 0 1.5221
 -3.266504 0.842969 -11.906934 -0.084325 2.473539 0 0 0 0 1.473
 -3.793359 0.737598 -11.696191 -0.056217 2.501647 0 0 0 0 1.5221
 -3.793359 1.159082 -11.801563 -0.140542 2.529756 0 0 0 0 1.473
 -3.371875 1.264453 -12.117676 -0.056217 2.557864 0 0 0 0 1.473
 -3.266504 1.475195 -11.906934 -0.056217 2.557864 0 0 0 0 1.473
 -3.266504 1.685938 -11.696191 -0.028108 2.557864 0 0 0 0 1.473
 -3.371875 1.791309 -11.696191 0 2.557864 0 0 0 0 1.473
 -3.477246 1.791309 -12.117676 0.028108 2.585973 0 0 0 0 1.5221
 -3.582617 1.580566 -12.012305 0.112434 2.585973 0 0 0 0 1.5712
 -3.161133 1.580566 -11.906934 0.056217 2.614081 0 0 0 0 1.5221
 -3.161133 2.212793 -11.906934 0.056217 2.642189 0 0 0 0 1.5712
 -3.055762 1.475195 -11.485449 0.084325 2.557864 0 0 0 0 1.5712
 -3.89873 1.89668 -12.223047 0.16865 2.614081 0 0 0 0 1.5712
 -3.266504 1.685938 -11.906934 0.16865 2.585973 0 0 0 0 1.5221
 -3.161133 1.791309 -12.328418 0.16865 2.642189 0 0 0 0 1.5712
 -3.371875 2.002051 -12.117676 0.252976 2.642189 0 0 0 0 1.5712
 -3.055762 1.369824 -12.328418 0.224867 2.557864 0 0 0 0 1.5221
 -3.161133 1.264453 -11.59082 0.140542 2.529756 0 0 0 0 1.6203
 -3.055762 1.369824 -12.117676 0.084325 2.557864 0 0 0 0 1.5221
 -3.477246 1.264453 -12.117676 0.084325 2.529756 0 0 0 0 1.5712
 -2.950391 1.580566 -11.801563 0.056217 2.614081 0 0 0 0 1.5712
 -3.582617 1.475195 -12.328418 0.084325 2.557864 0 0 0 0 1.5221
 -3.371875 1.580566 -12.117676 0.140542 2.585973 0 0 0 0 1.5712
 -3.266504 1.791309 -11.906934 0.224867 2.557864 0 0 0 0 1.5712
 -3.266504 1.369824 -12.117676 0.281084 2.501647 0 0 0 0 1.6203
 -3.055762 0.94834 -11.696191 0.224867 2.501647 0 0 0 0 1.6203
 -3.266504 1.475195 -12.012305 0.224867 2.501647 0 0 0 0 1.6694
 -2.84502 1.053711 -12.117676 0.224867 2.473539 0 0 0 0 1.7676
 -2.84502 0.94834 -12.012305 0.084325 2.473539 0 0 0 0 1.6694
 -2.84502 0.737598 -11.59082 0.056217 2.445431 0 0 0 0 1.6694
 -2.528906 0.632227 -12.433789 0.028108 2.445431 0 0 0 0 1.7185
 -2.950391 1.159082 -12.012305 -0.028108 2.473539 0 0 0 0 1.7185
 -2.950391 0.94834 -12.012305 0 2.445431 0 0 0 0 1.6203
 -3.582617 1.369824 -11.59082 0.084325 2.445431 0 0 0 0 1.6694
 -4.004102 1.053711 -11.906934 0.028108 2.473539 0 0 0 0 1.6203
 -2.84502 0.842969 -12.012305 0.112434 2.417322 0 0 0 0 1.5712
 -3.477246 1.369824 -12.223047 0.16865 2.698406 0 0 0 0 1.5712
 -3.582617 1.685938 -12.328418 0.16865 2.754623 0 0 0 0 1.5712
 -3.161133 1.580566 -11.801563 0.140542 2.670298 0 0 0 0 1.6694
 -3.266504 1.264453 -12.433789 0.084325 2.726515 0 0 0 0 1.6203
 -3.266504 1.475195 -12.223047 0.028108 2.698406 0 0 0 0 1.6694
 -2.950391 1.89668 -12.328418 0.028108 2.726515 0 0 0 0 1.6694
 -3.161133 2.107422 -12.433789 0.056217 2.754623 0 0 0 0 1.6694
 -3.793359 2.212793 -11.906934 0.084325 2.81084 0 0 0 0 1.6694
 -3.477246 2.84502 -12.644531 0.084325 2.895165 0 0 0 0 1.6203
 -3.161133 2.528906 -12.433789 0.084325 2.838948 0 0 0 0 1.6203
 -3.793359 2.739648 -12.117676 0.140542 2.923273 0 0 0 0 1.6203
 -3.793359 2.84502 -11.59082 0.140542 2.838948 0 0 0 0 1.5712
 -4.004102 3.582617 -12.117676 0.224867 2.923273 0 0 0 0 1.6203
 -3.371875 3.161133 -12.53916 0.337301 2.867057 0 0 0 0 1.5712
 -2.318164 3.161133 -11.801563 0.421626 2.81084 0 0 0 0 1.6203
 -3.371875 2.950391 -12.117676 0.421626 2.81084 0 0 0 0 1.6203
 -4.004102 2.950391 -12.328418 0.365409 2.867057 0 0 0 0 1.6203
 -3.055762 2.739648 -12.117676 0.365409 2.867057 0 0 0 0 1.7185
 -3.793359 2.634277 -12.433789 0.365409 2.838948 0 0 0 0 1.6203
 -3.371875 2.634277 -12.644531 0.365409 2.867057 0 0 0 0 1.7185
 -3.371875 2.739648 -12.433789 0.309192 2.81084 0 0 0 0 1.6203
 -2.739648 2.634277 -13.803613 0.365409 2.782731 0 0 0 0 1.7185
 -3.477246 2.739648 -12.749902 0.365409 2.838948 0 0 0 0 1.7185
 -3.477246 2.634277 -12.223047 0.309192 2.867057 0 0 0 0 1.6694
 -3.055762 2.528906 -13.382129 0.281084 2.782731 0 0 0 0 1.7676
 -2.950391 2.634277 -12.433789 0.365409 2.726515 0 0 0 0 1.7185
 -2.950391 2.739648 -12.433789 0.309192 2.642189 0 0 0 0 1.7676
 -3.055762 1.89668 -13.066016 0.477843 2.642189 0 0 0 0 1.8167
 -2.528906 2.107422 -11.906934 0.449734 2.642189 0 0 0 0 1.7676
 -2.950391 1.685938 -12.53916 0.365409 2.585973 0 0 0 0 1.8167
 -3.266504 1.89668 -12.53916 0.393518 2.557864 0 0 0 0 1.7676
