# Created by Octave 3.0.0, Fri Aug 22 01:42:32 2008 PDT <niladrib@niladrib-linux-laptop>
# name: my_data
# type: matrix
# rows: 177
# columns: 10
 -0.94834 -0.210742 -10.958594 0.758927 3.710309 -0.345221 0.182738 0 0 0
 -0.94834 -0.210742 -10.958594 0.758927 3.710309 -0.374632 0.182544 0 0 0
 -0.94834 -0.210742 -11.063965 0.758927 3.710309 -0.374632 0.182544 0 0 0
 -1.053711 -0.210742 -10.958594 0.787035 3.6822 -0.404164 0.200869 0 0 0
 -0.94834 -0.210742 -11.063965 0.787035 3.710309 -0.404164 0.200869 0 0 0
 -1.053711 -0.210742 -10.958594 0.787035 3.710309 -0.433575 0.200676 0 0 0
 -1.053711 -0.210742 -11.063965 0.787035 3.710309 -0.433575 0.200676 0 0 0
 -1.053711 -0.210742 -11.063965 0.787035 3.738417 -0.433575 0.200676 0 0 0
 -1.053711 -0.105371 -11.063965 0.758927 3.710309 -0.433575 0.200676 0 0 0
 -1.053711 -0.316113 -11.063965 0.787035 3.710309 -0.433575 0.200676 0 0 0
 -1.053711 -0.316113 -11.063965 0.787035 3.710309 -0.462986 0.200483 0 0 0
 -0.94834 -0.210742 -10.958594 0.758927 3.710309 -0.462986 0.200483 0 0 0
 -0.94834 -0.210742 -10.958594 0.758927 3.710309 -0.492397 0.200289 0 0 0
 -1.053711 -0.316113 -11.063965 0.787035 3.710309 -0.492397 0.200289 0 0 0
 -0.94834 -0.210742 -10.958594 0.787035 3.710309 -0.521808 0.200096 0 0 0
 -1.053711 -0.210742 -11.063965 0.787035 3.738417 -0.521808 0.200096 0 0 0
 -0.94834 -0.210742 -11.063965 0.787035 3.710309 -0.521808 0.200096 0 0 0
 -1.053711 -0.210742 -11.063965 0.787035 3.710309 -0.5510969999999999 0.181386 0 0 0
 -0.94834 -0.210742 -11.063965 0.787035 3.710309 -0.5510969999999999 0.181386 0 0 0
 -1.053711 -0.210742 -11.063965 0.787035 3.710309 -0.580508 0.181193 0 0 0
 -1.053711 -0.316113 -10.958594 0.787035 3.710309 -0.580508 0.181193 0 0 0
 -0.94834 -0.210742 -10.958594 0.787035 3.710309 -0.609798 0.162482 0 0 0
 -1.053711 -0.210742 -11.063965 0.758927 3.710309 -0.609798 0.162482 0 0 0
 -1.053711 -0.210742 -10.958594 0.787035 3.710309 -0.639209 0.162289 0 0 0
 -1.053711 -0.316113 -11.063965 0.787035 3.710309 -0.639209 0.162289 0 0 0
 -1.053711 -0.210742 -11.063965 0.787035 3.710309 -0.639209 0.162289 0 0 0
 -1.053711 -0.210742 -11.063965 0.787035 3.738417 -0.668498 0.143578 0 0 0
 -1.053711 -0.105371 -11.063965 0.787035 3.710309 -0.668498 0.143578 0 0 0
 -1.053711 -0.210742 -11.063965 0.787035 3.710309 -0.697787 0.124867 0 0 0
 -1.053711 -0.210742 -11.063965 0.787035 3.710309 -0.697787 0.124867 0 0 0
 -1.053711 -0.210742 -11.063965 0.787035 3.710309 -0.727077 0.106157 0 0 0
 -0.94834 -0.210742 -10.958594 0.787035 3.710309 -0.727077 0.106157 0 0 0
 -1.053711 -0.105371 -10.853223 0.758927 3.710309 -0.727077 0.106157 0 0 0
 -0.94834 -0.210742 -11.063965 0.758927 3.6822 -0.727077 0.106157 0 0 0
 -1.053711 -0.316113 -10.958594 0.758927 3.710309 -0.727077 0.106157 0 0 0
 -1.053711 -0.316113 -10.958594 0.787035 3.710309 -0.785656 0.068735 0 0 0
 -0.94834 -0.210742 -11.063965 0.787035 3.738417 -0.785656 0.068735 0 0 0
 -0.94834 -0.210742 -11.063965 0.787035 3.710309 -0.814823 0.031507 0 0 0
 -1.053711 -0.210742 -10.958594 0.787035 3.738417 -0.814823 0.031507 0 0 0
 -1.053711 -0.316113 -11.063965 0.787035 3.710309 -0.814823 0.031507 0 0 0
 -1.053711 -0.316113 -11.063965 0.787035 3.738417 -0.814823 0.031507 0 0 0
 -1.053711 -0.210742 -10.958594 0.787035 3.710309 -0.814823 0.031507 0 0 0
 -0.94834 -0.316113 -10.958594 0.787035 3.710309 -0.844113 0.012796 0 0 0
 -0.94834 -0.316113 -10.958594 0.787035 3.710309 -0.844113 0.012796 0 0 0
 -0.94834 -0.316113 -10.958594 0.758927 3.710309 -0.873402 -0.005914 0 0 0
 -1.053711 -0.210742 -11.063965 0.758927 3.710309 -0.873402 -0.005914 0 0 0
 -1.053711 -0.105371 -11.063965 0.787035 3.738417 -0.90257 -0.043143 0 0 0
 -1.053711 -0.105371 -11.063965 0.787035 3.710309 -0.90257 -0.043143 0 0 0
 -1.053711 -0.210742 -11.063965 0.787035 3.710309 -0.946565 -0.06195 0 0 0
 -1.053711 -0.210742 -11.063965 0.787035 3.710309 -0.946565 -0.06195 0 0 0
 -1.053711 -0.210742 -11.063965 0.787035 3.710309 -0.946565 -0.06195 0 0 0
 -0.94834 -0.210742 -11.063965 0.787035 3.710309 -0.946565 -0.06195 0 0 0
 -0.94834 -0.316113 -10.958594 0.758927 3.710309 -0.946565 -0.06195 0 0 0
 -1.053711 -0.316113 -11.063965 0.787035 3.710309 -0.975854 -0.080661 0 0 0
 -1.053711 -0.210742 -11.063965 0.787035 3.710309 -0.975854 -0.080661 0 0 0
 -1.053711 -0.316113 -10.958594 0.787035 3.710309 -1.019849 -0.099468 0 0 0
 -0.94834 -0.210742 -10.958594 0.758927 3.710309 -1.019849 -0.099468 0 0 0
 -0.94834 -0.210742 -11.063965 0.787035 3.738417 -1.019849 -0.099468 0 0 0
 -0.94834 -0.105371 -11.063965 0.787035 3.710309 -1.019849 -0.099468 0 0 0
 -1.053711 -0.210742 -11.063965 0.787035 3.738417 -1.019849 -0.099468 0 0 0
 -1.053711 -0.316113 -10.958594 0.787035 3.710309 -1.063722 -0.136793 0 0 0
 -1.053711 -0.210742 -11.063965 0.787035 3.710309 -1.063722 -0.136793 0 0 0
 -1.053711 -0.210742 -10.958594 0.758927 3.6822 -1.107717 -0.1556 0 0 0
 -1.053711 -0.105371 -10.958594 0.787035 3.710309 -1.107717 -0.1556 0 0 0
 -0.94834 -0.421484 -10.958594 0.787035 3.710309 -1.15159 -0.192925 0 0 0
 -1.053711 -0.316113 -11.063965 0.787035 3.710309 -1.15159 -0.192925 0 0 0
 -0.94834 -0.210742 -10.958594 0.758927 3.710309 -1.15159 -0.192925 0 0 0
 -1.159082 -0.210742 -10.958594 0.787035 3.738417 -1.18088 -0.211635 0 0 0
 -1.053711 -0.210742 -11.063965 0.787035 3.710309 -1.18088 -0.211635 0 0 0
 -1.159082 -0.210742 -11.063965 0.787035 3.710309 -1.210169 -0.230346 0 0 0
 -1.053711 -0.210742 -11.063965 0.787035 3.710309 -1.210169 -0.230346 0 0 0
 -1.053711 -0.210742 -11.063965 0.787035 3.710309 -1.239337 -0.267574 0 0 0
 -1.053711 -0.210742 -11.063965 0.787035 3.710309 -1.239337 -0.267574 0 0 0
 -1.053711 -0.316113 -10.958594 0.787035 3.710309 -1.268505 -0.304802 0 0 0
 -1.053711 -0.316113 -11.063965 0.787035 3.710309 -1.268505 -0.304802 0 0 0
 -1.053711 -0.210742 -10.958594 0.787035 3.6822 -1.268505 -0.304802 0 0 0
 -1.053711 -0.316113 -10.958594 0.787035 3.6822 -1.282967 -0.341934 0 0 0
 -1.159082 -0.210742 -11.063965 0.787035 3.710309 -1.282967 -0.341934 0 0 0
 -1.053711 -0.210742 -10.958594 0.787035 3.710309 -1.282967 -0.341934 0 0 0
 -1.053711 -0.210742 -11.063965 0.787035 3.710309 -1.282967 -0.341934 0 0 0
 -1.053711 -0.105371 -10.958594 0.787035 3.710309 -1.297429 -0.379066 0 0 0
 -1.159082 -0.210742 -11.063965 0.787035 3.738417 -1.297429 -0.379066 0 0 0
 -1.053711 -0.316113 -11.169336 0.787035 3.710309 -1.297429 -0.379066 0 0 0
 -1.053711 -0.316113 -10.958594 0.787035 3.710309 -1.297429 -0.379066 0 0 0
 -1.053711 -0.210742 -11.063965 0.787035 3.710309 -1.297429 -0.379066 0 0 0
 -0.94834 -0.210742 -11.063965 0.787035 3.6822 -1.297429 -0.379066 0 0 0
 -1.053711 -0.210742 -11.063965 0.758927 3.710309 -1.297429 -0.379066 0 0 0
 -0.94834 -0.210742 -10.958594 0.758927 3.710309 -1.297308 -0.397583 0 0 0
 -1.053711 -0.105371 -11.063965 0.787035 3.710309 -1.297308 -0.397583 0 0 0
 -1.053711 -0.105371 -11.063965 0.787035 3.710309 -1.297064 -0.434618 0 0 0
 -1.053711 -0.105371 -10.958594 0.787035 3.738417 -1.297064 -0.434618 0 0 0
 -1.053711 -0.210742 -11.063965 0.787035 3.710309 -1.297064 -0.434618 0 0 0
 -1.053711 -0.210742 -11.063965 0.787035 3.710309 -1.296943 -0.453136 0 0 0
 -0.94834 -0.210742 -10.958594 0.787035 3.710309 -1.296943 -0.453136 0 0 0
 -1.053711 -0.210742 -10.958594 0.787035 3.710309 -1.296943 -0.453136 0 0 0
 -1.053711 -0.316113 -10.958594 0.787035 3.710309 -1.296943 -0.453136 0 0 0
 -0.94834 -0.421484 -11.063965 0.787035 3.710309 -1.2967 -0.490171 0 0 0
 -1.053711 -0.210742 -10.958594 0.787035 3.6822 -1.2967 -0.490171 0 0 0
 -1.053711 -0.210742 -11.063965 0.787035 3.710309 -1.281873 -0.508592 0 0 0
 -0.94834 -0.210742 -11.063965 0.787035 3.710309 -1.281873 -0.508592 0 0 0
 -1.053711 -0.210742 -11.063965 0.787035 3.738417 -1.281873 -0.508592 0 0 0
 -1.053711 -0.316113 -11.063965 0.787035 3.710309 -1.281751 -0.52711 0 0 0
 -1.053711 -0.210742 -10.958594 0.787035 3.710309 -1.281751 -0.52711 0 0 0
 -0.94834 -0.210742 -11.063965 0.758927 3.710309 -1.281629 -0.545627 0 0 0
